104,184,16.63422168
104,113,16.09593371
104,178,12.6910898
104,179,9.955059455
104,115,17.9677761
104,189,18.28385661
104,119,20.33708507
104,117,19.66995134
104,114,16.50549806
104,106,5.623044431
104,109,8.97216111
104,176,12.92253878
104,185,14.64904836
104,111,13.50520906
104,173,14.68147153
104,105,4.67968303
104,175,16.5538285
104,169,20.49333368
104,182,14.79742961
104,121,19.46275693
104,188,19.42366185
104,171,20.98806917
104,108,8.443933796
104,187,19.53213324
104,112,13.85217033
104,183,18.66185716
104,104,0
104,116,17.44616862
104,193,18.67887694
104,118,20.3658987
104,107,6.865847881
104,110,10.93807577
104,172,17.72039657
104,180,9.626713099
104,190,15.55569711
104,174,17.57781823
104,122,19.38732301
104,177,11.33093346
104,186,15.50646761
104,170,19.92422967
104,181,14.55001332
105,184,16.44684076
105,126,21.19735342
105,113,14.50304715
105,178,13.05808386
105,179,10.73704452
105,115,16.50644006
105,189,19.21086742
105,119,17.17655429
105,117,16.95177173
105,114,15.544506
105,106,5.913599314
105,109,6.407140506
105,176,15.22693384
105,185,15.78624961
105,111,12.10162638
105,173,15.86398189
105,105,0
105,175,17.89414411
105,169,21.96659734
105,182,14.11385692
105,244,20.70645116
105,121,17.40305367
105,188,20.61956976
105,171,21.91782105
105,108,6.463868603
105,187,21.70619152
105,112,11.15316617
105,183,17.87884072
105,104,4.67968303
105,116,14.56113017
105,193,18.83907048
105,118,16.82836189
105,107,7.960368495
105,125,20.53281197
105,110,10.35152898
105,172,19.48787648
105,180,8.670808038
105,190,17.16771965
105,120,22.36026185
105,174,17.54656009
105,122,17.06269007
105,177,11.72960696
105,186,17.44671563
105,170,20.26669975
105,181,13.17163929
106,184,16.47983345
106,123,20.34922977
106,126,17.65317638
106,113,10.8677478
106,178,11.84711847
106,179,10.62418348
106,129,21.41193683
106,115,14.45338553
106,189,18.83904931
106,119,15.62242824
106,199,21.49202837
106,117,15.37201529
106,114,12.02235782
106,124,19.38120722
106,106,0
106,109,4.672086673
106,176,11.07567003
106,185,16.5829446
106,111,10.69759235
106,173,11.13346576
106,105,5.913599314
106,175,14.72523316
106,166,19.29781705
106,196,22.00405073
106,169,16.68677729
106,182,16.37697803
106,244,19.74221925
106,243,19.5284585
106,121,14.01524029
106,188,20.99300813
106,171,18.08311
106,108,5.655592316
106,167,21.25435819
106,187,20.58668429
106,112,10.2229479
106,183,18.94221572
106,104,5.623044431
106,116,14.55086815
106,193,17.2532437
106,118,16.32453595
106,168,19.22831957
106,107,4.372344148
106,125,16.13253803
106,110,6.218291677
106,172,15.01580396
106,180,9.404692313
106,190,15.56187649
106,120,20.19742377
106,174,13.91540878
106,122,14.19502474
106,194,21.2772684
106,177,9.082617645
106,186,17.0648798
106,170,15.57908704
106,181,14.17765012
107,202,18.84939203
107,184,12.65972822
107,123,20.57385955
107,126,16.73743082
107,113,10.68188436
107,178,7.750964942
107,179,6.93236605
107,129,20.27925016
107,115,11.93027113
107,189,14.67840898
107,119,16.55097137
107,199,17.69745654
107,192,18.52110996
107,117,14.72239801
107,114,10.05858015
107,124,19.97157734
107,106,4.372344148
107,109,7.543554755
107,176,7.421345152
107,203,20.36895583
107,185,12.96200616
107,191,17.73161173
107,111,8.021075946
107,198,19.3805776
107,173,8.088381403
107,105,7.960368495
107,175,10.53808506
107,166,17.61633417
107,196,18.33773008
107,169,14.29414955
107,182,13.54515075
107,188,17.05000499
107,243,17.05608452
107,121,15.55251162
107,171,14.40094527
107,108,4.953808457
107,167,18.89309583
107,206,21.78776285
107,187,16.40234239
107,112,9.504652208
107,181,11.23288825
107,183,15.52537155
107,104,6.865847881
107,116,13.18949308
107,193,13.16010438
107,118,16.74657713
107,168,16.31230186
107,107,0
107,125,15.6998535
107,110,4.949846393
107,172,11.54362956
107,180,6.686634178
107,240,20.86199991
107,190,11.22631114
107,165,20.36122156
107,120,21.34600163
107,174,10.75637961
107,122,14.6155581
107,194,17.06743827
107,177,5.035498245
107,186,13.0896673
107,170,13.16689801
107,195,20.91642896
107,244,17.17693005
108,202,19.50990331
108,184,12.27649662
108,123,18.07214094
108,126,15.32983507
108,113,9.120541357
108,178,8.501380627
108,128,21.17805129
108,179,7.97775175
108,129,19.95763665
108,115,10.09205671
108,189,15.69966683
108,119,13.06662246
108,199,18.07048415
108,192,18.74454864
108,242,20.03499859
108,117,11.36651269
108,124,18.28115881
108,114,9.282028293
108,106,5.655592316
108,109,5.15673966
108,176,11.56897022
108,185,13.96140174
108,191,19.37082899
108,111,5.854110403
108,198,18.71118732
108,173,10.92649293
108,105,6.463868603
108,175,12.97772743
108,166,19.29345867
108,196,17.54462512
108,169,17.16023331
108,246,20.23635601
108,182,12.33712034
108,243,15.54124297
108,121,13.76406575
108,188,18.15301711
108,171,16.28494048
108,108,0
108,167,20.17828901
108,187,18.91231287
108,112,5.459292858
108,181,9.144349516
108,241,19.91281496
108,183,14.26800276
108,104,8.443933796
108,116,9.211605731
108,193,13.54244218
108,118,12.59064492
108,168,18.77953225
108,107,4.953808457
108,125,15.20071791
108,245,19.68094017
108,110,4.987453051
108,172,14.76829997
108,180,5.132976992
108,190,13.47945333
108,240,20.57006587
108,120,18.42493509
108,174,11.40912914
108,122,12.17041078
108,194,18.0054765
108,177,6.508946084
108,186,15.22776084
108,170,14.51957205
108,244,14.70839113
109,184,17.41725205
109,123,17.15572852
109,126,15.72120172
109,113,8.874448517
109,178,13.4145049
109,128,20.54164698
109,179,12.74335876
109,129,20.23158501
109,115,13.38869737
109,189,20.73186959
109,119,11.6282032
109,117,12.34979079
109,114,11.28112793
109,124,16.64736655
109,106,4.672086673
109,109,0
109,176,14.33747812
109,185,18.78432287
109,111,10.16168039
109,173,13.14938052
109,105,6.407140506
109,175,16.89108539
109,166,19.92410357
109,196,21.96317581
109,169,18.54710157
109,182,17.15266821
109,244,18.22324707
109,243,18.27795691
109,121,11.0065702
109,171,19.54929666
109,108,5.15673966
109,167,21.71455687
109,112,7.65845925
109,183,19.34475425
109,104,8.97216111
109,116,12.07291055
109,193,18.27440874
109,118,12.30653928
109,168,20.84499844
109,107,7.543554755
109,125,14.72423328
109,110,6.484269521
109,172,17.44991844
109,180,10.16135619
109,190,18.08250356
109,120,16.40072352
109,174,14.42738177
109,122,11.1081316
109,177,10.73497901
109,186,19.86318009
109,127,21.07682841
109,170,16.21430796
109,181,14.13923118
110,202,16.45426173
110,184,13.70291486
110,123,15.67282905
110,126,11.92788407
110,113,5.74565995
110,178,9.149610809
110,239,21.57796476
110,179,10.02078384
110,128,17.1622704
110,115,8.754319434
110,189,16.58218291
110,129,15.78318193
110,119,12.19133732
110,199,16.1130811
110,201,20.4102118
110,192,19.78336015
110,242,18.34175043
110,117,10.44954902
110,124,15.09691999
110,114,5.810986672
110,106,6.218291677
110,109,6.484269521
110,176,9.069541975
110,203,19.12062237
110,164,20.08873801
110,185,16.08422297
110,191,19.12491717
110,111,6.218938494
110,198,16.86670467
110,173,6.929318565
110,200,20.19141138
110,105,10.35152898
110,175,10.9378106
110,163,19.83184935
110,166,14.43687791
110,196,16.9645164
110,169,12.60416408
110,246,19.83519811
110,182,15.73577792
110,243,13.46124372
110,121,11.11632718
110,188,19.64116673
110,171,13.09529364
110,108,4.987453051
110,133,21.48051244
110,167,15.74525932
110,206,19.91963904
110,187,19.06443494
110,237,21.4741159
110,112,6.417617644
110,181,11.84136592
110,241,17.18250048
110,183,16.47750354
110,130,19.79373899
110,104,10.93807577
110,116,10.51047463
110,193,13.05510385
110,132,20.26696067
110,118,12.84725796
110,168,14.53392806
110,107,4.949846393
110,125,10.98241256
110,245,19.04508927
110,110,0
110,172,11.2589947
110,180,8.540481701
110,197,20.19317881
110,190,13.36085203
110,240,17.37138029
110,131,21.29644422
110,162,21.41344981
110,165,18.33271255
110,120,16.6939507
110,174,8.133356998
110,122,9.794587109
110,194,16.90488538
110,177,5.641883494
110,186,16.27235613
110,127,18.48660942
110,170,10.05737005
110,195,21.27803672
110,244,14.44548581
111,202,14.42513121
111,126,12.42923276
111,113,8.487963272
111,178,5.933071733
111,117,8.772121968
111,249,16.86585891
111,111,0
111,173,9.425703396
111,200,16.60735577
111,105,12.10162638
111,175,9.793613385
111,166,16.95357813
111,133,21.64489456
111,167,16.63308834
111,112,4.709943349
111,250,21.77822379
111,245,14.27432223
111,110,6.218938494
111,172,12.49590059
111,122,11.44616782
111,177,4.886813676
111,186,13.90852743
111,181,6.444273632
111,244,9.251704414
111,205,20.40928624
111,179,7.947632934
111,192,14.92150194
111,242,14.82663991
111,203,17.41226326
111,164,21.28242091
111,185,12.92241383
111,191,15.68175602
111,163,21.58293251
111,246,15.3114442
111,188,15.89836052
111,187,16.73475215
111,118,11.78719165
111,180,5.791358634
111,174,7.226579012
111,194,13.12679673
111,127,19.3587638
111,123,16.32461572
111,239,18.91260993
111,128,18.94829013
111,115,4.710907102
111,189,12.66597403
111,201,17.38612832
111,247,18.32665098
111,124,17.28605903
111,114,6.057362321
111,106,10.69759235
111,109,10.16168039
111,176,11.03025535
111,243,10.25503849
111,121,14.6380859
111,171,12.20823448
111,206,19.56286948
111,183,10.91985418
111,130,19.4682731
111,104,13.50520906
111,132,21.77382913
111,168,15.74262004
111,190,11.07611355
111,131,22.34068469
111,165,20.67679816
111,170,11.50152778
111,195,16.74393619
111,184,8.691064315
111,129,16.95278156
111,119,12.91299909
111,204,20.62294804
111,199,12.61983564
111,198,12.95008256
111,196,11.83406822
111,169,15.22710199
111,182,11.37103657
111,108,5.854110403
111,237,20.92239684
111,248,18.17127731
111,241,15.3149593
111,116,6.048057521
111,193,8.719255651
111,107,8.021075946
111,125,13.51689192
111,197,15.51788214
111,240,15.53505999
111,120,18.0254473
112,202,17.46474539
112,126,11.36987584
112,113,6.540283466
112,178,10.34543819
112,117,6.041851599
112,249,17.77424094
112,111,4.709943349
112,173,12.06759684
112,200,20.40549777
112,264,21.96117986
112,105,11.15316617
112,175,14.09336803
112,166,18.13025732
112,133,22.00827119
112,167,18.41928376
112,112,0
112,245,15.27397715
112,110,6.417617644
112,172,15.89025616
112,122,8.308379066
112,177,8.60853986
112,186,18.15214407
112,181,9.476753902
112,244,10.69033771
112,179,11.42401377
112,192,19.23059526
112,242,15.42870205
112,260,20.99473919
112,203,21.16584399
112,185,16.78021706
112,191,20.37772501
112,246,15.36474195
112,188,20.17702723
112,187,21.29233232
112,118,7.665387827
112,180,8.209153344
112,174,10.23810731
112,194,17.58933079
112,127,17.46663077
112,123,13.51238702
112,239,20.40323388
112,128,17.73582795
112,115,6.689296046
112,189,17.17687977
112,238,22.34686726
112,201,20.38644586
112,247,18.27920963
112,124,14.65965051
112,114,6.907155984
112,106,10.2229479
112,109,7.65845925
112,176,14.29663585
112,364,20.06306814
112,243,11.55906983
112,121,11.35674182
112,171,15.88063314
112,183,14.4258283
112,130,19.0762921
112,104,13.85217033
112,132,21.6341556
112,168,18.49600988
112,190,15.624203
112,131,21.2969715
112,170,13.39118337
112,184,12.92058944
112,267,21.67143074
112,129,16.6992961
112,119,8.768571665
112,199,16.37563288
112,198,15.73973818
112,196,15.38712507
112,169,17.47875442
112,182,14.19297882
112,108,5.459292858
112,248,19.33186989
112,241,15.46840501
112,116,4.619869174
112,193,13.29488346
112,107,9.504652208
112,125,12.45404281
112,197,18.83904525
112,240,17.28308715
112,120,14.27719769
113,202,15.85201317
113,126,6.926607171
113,113,0
113,178,13.3327266
113,135,21.43477039
113,117,6.678375318
113,249,20.70677171
113,111,8.487963272
113,173,9.846547628
113,200,20.61938028
113,264,22.34275174
113,105,14.50304715
113,175,14.23046735
113,166,12.81660851
113,133,17.51948894
113,167,14.08509919
113,112,6.540283466
113,245,16.9238259
113,110,5.74565995
113,172,13.90324559
113,122,4.279550849
113,177,10.23496002
113,181,14.81327946
113,244,13.26110151
113,205,20.58518844
113,179,15.00180434
113,242,15.24703173
113,203,19.78732898
113,164,19.13172247
113,185,20.76050321
113,163,17.56786036
113,246,17.11141117
113,118,9.277550943
113,180,12.8983053
113,162,19.78508626
113,174,8.872363408
113,194,18.89452534
113,127,12.91811386
113,123,9.978725431
113,239,18.78484644
113,128,12.12976501
113,115,8.153433691
113,189,20.40015513
113,238,19.48397112
113,134,19.73475706
113,201,19.5195582
113,247,19.01587796
113,124,9.486019325
113,114,4.584571436
113,106,10.8677478
113,109,8.874448517
113,176,13.54008405
113,243,11.13291155
113,121,6.536572551
113,171,14.36384624
113,206,19.75814816
113,183,19.33123577
113,130,15.12930014
113,104,16.09593371
113,132,16.13259923
113,168,15.00856868
113,190,17.63924389
113,131,16.23141879
113,165,18.01944787
113,170,9.441763627
113,184,16.96573086
113,267,20.45488456
113,129,11.46895932
113,119,7.631700755
113,199,16.57850949
113,198,15.95044997
113,196,17.48827847
113,169,13.43779282
113,182,19.60358261
113,108,9.120541357
113,237,18.93145217
113,248,19.89235946
113,241,13.23741344
113,116,9.83004585
113,193,15.47565538
113,107,10.68188436
113,125,6.309599021
113,197,20.10422112
113,240,14.94841953
113,120,11.32190975
114,202,11.71698488
114,161,21.60020141
114,126,7.171912176
114,113,4.584571436
114,178,10.1653092
114,135,21.13968417
114,117,7.381437565
114,249,18.17397679
114,111,6.057362321
114,173,7.208119347
114,200,16.12994407
114,264,21.22760151
114,105,15.544506
114,175,10.25987228
114,166,11.4408804
114,160,20.92484781
114,133,16.28862155
114,167,11.54481411
114,159,21.10077912
114,112,6.907155984
114,250,22.07051084
114,209,20.53108476
114,245,14.21633775
114,110,5.810986672
114,172,10.60814318
114,122,7.873988086
114,177,7.5320903
114,186,17.80550907
114,181,12.32883679
114,244,10.30867197
114,205,16.95060492
114,179,12.69100783
114,192,18.85359906
114,242,12.84813161
114,203,15.51156363
114,164,16.59034045
114,185,17.82418075
114,191,18.17475744
114,163,16.04363378
114,246,15.17563054
114,188,20.26648686
114,136,20.7107667
114,187,19.67098812
114,236,18.60787184
114,118,11.44471184
114,180,11.30492934
114,162,18.60294144
114,174,4.447810808
114,194,14.35777476
114,127,14.31879402
114,123,12.28615755
114,239,15.83069472
114,128,13.1850994
114,115,4.655737277
114,189,16.60622233
114,271,21.51927499
114,238,17.52286142
114,134,19.16095596
114,234,20.9043106
114,207,19.91191121
114,201,15.42770582
114,247,17.22555755
114,124,12.42683718
114,114,0
114,106,12.02235782
114,233,20.55702075
114,109,11.28112793
114,176,11.01396788
114,243,7.933645232
114,121,10.96163847
114,171,10.15524017
114,206,16.13417282
114,183,16.12698821
114,130,14.45592337
114,104,16.50549806
114,132,15.88069441
114,168,11.90255409
114,190,13.9851343
114,131,16.77338027
114,165,15.99965872
114,170,6.55963444
114,195,19.00905868
114,184,13.46710538
114,267,18.93588029
114,129,11.11894591
114,119,11.00164159
114,204,18.44774432
114,199,12.05577976
114,198,11.87723134
114,268,21.99499588
114,196,13.26892703
114,169,11.18227173
114,182,17.26109214
114,108,9.282028293
114,237,16.28924385
114,248,17.08335509
114,241,11.46098334
114,208,21.70287222
114,116,8.958568252
114,193,11.19202053
114,107,10.05858015
114,125,7.68660158
114,197,15.86443942
114,240,11.74580503
114,120,14.77045832
114,235,21.26863423
115,202,11.09517838
115,126,9.1529653
115,113,8.153433691
115,178,9.083894374
115,117,6.766835673
115,249,13.85571669
115,111,4.710907102
115,173,10.19839268
115,200,13.95769079
115,264,18.57798356
115,105,16.50644006
115,175,10.51491223
115,166,14.87368687
115,133,17.54523619
115,167,13.72878114
115,112,6.689296046
115,251,20.44794898
115,250,18.35288445
115,209,21.54983295
115,245,10.36315839
115,110,8.754319434
115,172,12.66298671
115,122,10.19685816
115,177,8.156315921
115,186,16.71433611
115,181,9.459379498
115,244,5.869172113
115,205,17.00879078
115,179,12.0291785
115,192,15.78038194
115,242,10.24384083
115,260,19.68355436
115,203,15.15000929
115,164,18.74738032
115,185,16.15904651
115,191,16.28518521
115,163,18.69849122
115,246,11.55934965
115,188,18.09417403
115,187,18.58716472
115,236,17.80429877
115,118,11.04247237
115,180,10.37578167
115,162,21.77921638
115,174,5.693703594
115,194,12.17785031
115,127,15.98533857
115,123,13.64018218
115,239,14.32790687
115,128,15.81698022
115,115,0
115,189,14.43567302
115,271,19.87093473
115,238,17.07683191
115,134,20.17103857
115,234,21.58942209
115,207,20.27377037
115,201,13.71208654
115,247,14.16841172
115,124,15.09477994
115,114,4.655737277
115,106,14.45338553
115,233,20.69427419
115,109,13.38869737
115,176,13.0601417
115,243,5.558186379
115,121,14.21809807
115,171,10.73205088
115,252,20.41864847
115,263,20.3054524
115,206,16.98321404
115,183,12.64094952
115,130,15.21642848
115,104,17.9677761
115,132,18.29271808
115,168,14.17718088
115,190,13.15414567
115,131,18.64595288
115,165,18.98547027
115,170,9.642716504
115,195,16.10455221
115,184,10.63917347
115,267,17.16860333
115,129,13.49335938
115,119,12.09918355
115,204,17.5532925
115,199,9.976135062
115,253,20.55999423
115,198,9.095637319
115,268,19.46940996
115,196,9.519148955
115,169,14.43866261
115,182,14.74286943
115,108,10.09205671
115,237,16.95915207
115,248,13.86846398
115,241,10.70828066
115,208,22.03795619
115,116,6.101211047
115,193,8.738075761
115,107,11.93027113
115,125,11.33920446
115,197,12.5181788
115,240,11.2093287
115,120,16.34923939
115,235,20.81370549
116,375,23.7975619
116,202,16.96502149
116,126,12.20403802
116,113,9.83004585
116,178,11.33398964
116,529,22.2419957
116,117,5.700766264
116,249,13.45362386
116,354,21.49138974
116,111,6.048057521
116,173,14.8060199
116,200,18.93583889
116,264,18.57529413
116,105,14.56113017
116,175,15.30076967
116,166,20.1614469
116,367,19.76657879
116,133,22.01423195
116,167,19.48890759
116,365,21.02287389
116,112,4.619869174
116,251,20.61059477
116,371,22.00956323
116,250,17.41606898
116,259,19.90695368
116,245,11.64121987
116,110,10.51047463
116,172,17.931376
116,122,10.47574346
116,177,10.9259483
116,186,18.8277208
116,533,19.55518111
116,181,8.525104706
116,244,7.253137408
116,261,20.47109623
116,179,12.94446806
116,192,17.71361256
116,242,12.78839665
116,260,17.46265767
116,203,21.00449981
116,185,17.05913111
116,191,19.87623712
116,246,11.52559095
116,188,19.72448237
116,187,21.69445505
116,118,7.507246398
116,180,9.793191803
116,174,11.4396502
116,194,16.67211524
116,127,17.89964937
116,123,14.02752662
116,239,18.5705318
116,128,18.93014642
116,115,6.101211047
116,189,16.74062593
116,271,22.92770558
116,238,21.04155017
116,201,18.91128653
116,247,14.80599223
116,124,16.32170926
116,114,8.958568252
116,106,14.55086815
116,109,12.07291055
116,176,17.01029758
116,368,20.70689819
116,364,17.3433751
116,361,20.26982131
116,243,9.952987796
116,121,14.4435491
116,171,16.63345808
116,252,20.51354238
116,263,19.97400773
116,363,20.42869217
116,183,12.57024471
116,130,18.67430091
116,104,17.44616862
116,168,20.08123129
116,190,16.3977889
116,131,21.75896923
116,170,15.2047598
116,195,19.50163221
116,184,12.02090303
116,267,19.17060022
116,129,17.62953014
116,119,10.15214294
116,199,15.25423985
116,253,19.66861485
116,198,13.7873276
116,268,21.23984697
116,196,12.99375155
116,169,19.86662247
116,182,13.57197172
116,108,9.211605731
116,237,22.37671285
116,248,16.06851083
116,241,14.1600169
116,116,0
116,193,12.60972387
116,358,19.20139802
116,107,13.18949308
116,125,14.60634874
116,197,16.36164637
116,240,16.41142535
116,120,15.34975047
117,202,16.21664395
117,126,7.324916185
117,113,6.678375318
117,178,14.60651761
117,117,0
117,249,15.1804766
117,111,8.772121968
117,173,14.49620152
117,200,19.89106101
117,264,16.72415883
117,105,16.95177173
117,175,16.73937281
117,166,17.03500482
117,133,17.84825086
117,167,16.78716642
117,112,6.041851599
117,251,20.42394546
117,250,17.62637389
117,259,17.40207224
117,245,12.01633029
117,110,10.44954902
117,172,17.91008861
117,122,5.530080524
117,177,12.91852141
117,181,13.5892196
117,244,8.980678567
117,205,21.37855358
117,261,19.45072498
117,179,16.62454825
117,242,11.11468536
117,192,21.89667461
117,266,21.19953381
117,260,16.10657637
117,203,20.98910119
117,163,20.65684661
117,246,11.38341146
117,236,20.92768126
117,118,4.697121898
117,265,20.95570247
117,180,13.76893178
117,174,11.11022566
117,194,18.87370279
117,127,12.34914971
117,123,8.35915276
117,239,16.57691874
117,128,13.66276593
117,115,6.766835673
117,189,20.66811332
117,271,20.45915279
117,238,17.71974422
117,134,19.21454563
117,201,18.53791144
117,247,13.59529565
117,124,10.74622347
117,114,7.381437565
117,106,15.37201529
117,109,12.34979079
117,176,17.90901152
117,364,20.39076632
117,243,8.596212119
117,121,10.01637641
117,171,16.60659657
117,252,21.52649181
117,263,17.09391198
117,206,21.81459554
117,183,17.60224494
117,130,14.12819433
117,104,19.66995134
117,132,17.89393309
117,168,18.66698014
117,190,19.37927704
117,131,16.53403191
117,170,13.18354486
117,256,21.019582
117,184,16.36573088
117,267,16.35004925
117,129,13.03801516
117,119,5.796575317
117,199,16.13222557
117,253,21.24193591
117,198,14.00888081
117,268,19.4890955
117,196,15.29985848
117,169,18.23037318
117,182,18.81912891
117,108,11.36651269
117,237,19.51674987
117,248,15.51140259
117,241,10.72282268
117,116,5.700766264
117,193,15.41417187
117,358,19.97462315
117,107,14.72239801
117,125,10.01160731
117,197,17.81864704
117,240,14.23155358
117,120,10.15824649
118,202,20.90883177
118,261,19.66084706
118,184,19.34577931
118,123,9.042162901
118,126,10.88547507
118,113,9.277550943
118,178,17.68241955
118,239,20.63531644
118,179,18.98204063
118,267,18.98391901
118,115,11.04247237
118,238,21.335959
118,128,16.15574188
118,129,16.5020457
118,119,3.820471803
118,199,20.65359285
118,242,14.71531146
118,247,15.93457688
118,117,4.697121898
118,124,11.68385686
118,249,17.39439477
118,114,11.44471184
118,260,15.67571291
118,106,16.32453595
118,354,22.18177782
118,109,12.30653928
118,176,21.28753543
118,368,22.50439757
118,198,18.42314238
118,111,11.78719165
118,173,18.17662038
118,264,18.13696504
118,105,16.82836189
118,175,20.74114839
118,166,20.91583966
118,196,19.28005959
118,364,17.59865183
118,361,20.6029272
118,246,13.75654375
118,182,20.47721818
118,243,13.09005694
118,121,10.0695919
118,171,21.12054378
118,108,12.59064492
118,367,21.73099466
118,263,17.77390104
118,167,21.12826983
118,363,19.73209
118,365,21.00339602
118,112,7.665387827
118,248,18.80914842
118,181,15.71695222
118,241,14.5217348
118,183,20.05408179
118,130,17.29314016
118,104,20.3658987
118,116,7.507246398
118,193,19.31451164
118,132,21.10081133
118,118,0
118,250,18.91860351
118,358,18.82376536
118,107,16.74657713
118,259,16.42226636
118,245,15.17779369
118,110,12.84725796
118,125,12.99638263
118,180,15.56367069
118,240,18.70383216
118,131,18.94399779
118,120,8.661864782
118,174,15.47150743
118,122,6.83590337
118,177,16.02618899
118,127,14.05280199
118,170,17.42584768
118,256,19.20976178
118,244,12.52437982
119,184,21.2136603
119,123,6.823213705
119,126,9.375360207
119,113,7.631700755
119,178,18.74031194
119,179,20.05754756
119,267,19.66339083
119,115,12.09918355
119,134,20.71844506
119,238,21.01638858
119,128,13.63672861
119,129,14.59374532
119,119,0
119,242,15.91772551
119,247,17.77766641
119,117,5.796575317
119,124,8.462100434
119,249,20.21862754
119,114,11.00164159
119,260,17.96028957
119,106,15.62242824
119,109,11.6282032
119,176,20.83586415
119,111,12.91299909
119,198,19.52743088
119,173,17.37437201
119,264,19.7949483
119,105,17.17655429
119,175,20.98683356
119,166,18.9787767
119,196,21.06103007
119,364,21.08291449
119,246,16.09831228
119,243,13.91077121
119,121,6.458480534
119,108,13.06662246
119,263,18.89049871
119,133,20.05031278
119,167,19.84138594
119,112,8.768571665
119,248,20.45692129
119,181,17.89007607
119,241,14.5147225
119,130,16.14067114
119,104,20.33708507
119,116,10.15214294
119,193,20.61832467
119,132,18.94557928
119,118,3.820471803
119,107,16.55097137
119,259,17.94300688
119,245,17.31235579
119,110,12.19133732
119,125,10.53794491
119,180,16.90052952
119,240,18.6319279
119,131,16.82807562
119,120,5.728928488
119,174,15.36547302
119,122,4.138445965
119,177,16.40054237
119,127,11.89517448
119,170,16.29190997
119,244,14.72232186
120,123,4.61362437
120,126,10.32345444
120,113,11.32190975
120,128,11.56727634
120,267,19.20183065
120,129,13.94307653
120,115,16.34923939
120,238,20.39681301
120,134,18.44579996
120,135,20.68302474
120,119,5.728928488
120,242,17.50727726
120,117,10.15824649
120,247,18.94034137
120,124,5.834771154
120,114,14.77045832
120,106,20.19742377
120,260,18.24320209
120,109,16.40072352
120,111,18.0254473
120,173,20.89028324
120,264,19.80014898
120,105,22.36026185
120,166,19.71917925
120,246,18.33497826
120,243,16.57921742
120,121,7.317933552
120,108,18.42493509
120,263,17.71668388
120,133,18.82625567
120,167,20.8162232
120,112,14.27719769
120,241,15.08341561
120,130,14.78742498
120,116,15.34975047
120,132,17.22355151
120,118,8.661864782
120,107,21.34600163
120,125,11.10589945
120,259,16.81949084
120,245,19.89114639
120,110,16.6939507
120,240,19.88421187
120,131,14.00703295
120,120,0
120,174,18.90401868
120,122,7.096892402
120,177,21.18403113
120,127,8.921633579
120,170,18.56712553
120,256,18.89601263
120,244,18.48736691
121,202,21.19961895
121,123,8.292967741
121,126,9.301547587
121,113,6.536572551
121,178,19.6274738
121,128,11.34634058
121,179,20.82183152
121,129,12.82716384
121,115,14.21809807
121,134,20.16553569
121,135,21.31412055
121,119,6.458480534
121,242,19.04196212
121,117,10.01637641
121,247,22.0349663
121,124,6.246830729
121,114,10.96163847
121,106,14.01524029
121,109,11.0065702
121,176,19.02840382
121,111,14.6380859
121,198,21.44196584
121,173,15.38529271
121,105,17.40305367
121,175,20.51124936
121,163,19.71264706
121,166,15.61216683
121,169,17.63182903
121,246,20.72551361
121,243,16.09803559
121,121,0
121,171,20.21925448
121,108,13.76406575
121,133,19.03880594
121,167,17.796599
121,237,22.17192229
121,112,11.35674182
121,181,20.62613465
121,241,16.23323485
121,130,16.28104434
121,104,19.46275693
121,116,14.4435491
121,132,16.53102868
121,118,10.0695919
121,168,19.66680749
121,107,15.55251162
121,125,7.615961051
121,245,21.31080673
121,110,11.11632718
121,172,19.41075072
121,180,18.38419227
121,240,19.20311038
121,131,15.46084849
121,162,21.51489314
121,165,21.1808727
121,120,7.317933552
121,174,15.10634448
121,122,4.615677184
121,177,16.40177282
121,127,11.53494738
121,170,14.33770126
121,244,18.45461608
122,202,17.92079692
122,184,19.93496379
122,123,6.16181503
122,126,6.084490521
122,113,4.279550849
122,178,16.9232306
122,239,18.83366329
122,179,18.61880942
122,267,18.80454164
122,115,10.19685816
122,238,18.75688087
122,134,18.31777254
122,128,10.62985127
122,119,4.138445965
122,135,20.40954634
122,129,11.12639308
122,199,18.9441986
122,201,21.04406617
122,242,14.69512955
122,117,5.530080524
122,247,17.66823097
122,124,6.405151544
122,249,20.39696169
122,114,7.873988086
122,260,19.80122167
122,106,14.19502474
122,109,11.1081316
122,176,17.79354721
122,164,21.20112392
122,111,11.44616782
122,198,17.35558336
122,173,13.95642848
122,264,20.22605584
122,105,17.06269007
122,175,18.07138158
122,166,14.86619705
122,163,18.79395655
122,196,19.39688253
122,169,16.76650278
122,246,16.17145318
122,243,11.83952171
122,121,4.615677184
122,171,17.61032055
122,108,12.17041078
122,136,21.76012448
122,263,19.65586024
122,133,17.02922268
122,167,15.95301293
122,237,19.675214
122,112,8.308379066
122,248,19.50280952
122,181,17.33531065
122,241,12.45438093
122,130,13.74496802
122,104,19.38732301
122,116,10.47574346
122,193,18.53883348
122,137,22.52282726
122,118,6.83590337
122,132,15.62537249
122,168,18.0649013
122,107,14.6155581
122,125,6.524392123
122,259,19.96695974
122,245,16.72866946
122,110,9.794587109
122,172,17.79837996
122,180,16.032955
122,240,15.75400163
122,131,14.3844818
122,162,21.36534491
122,165,20.5456477
122,120,7.096892402
122,174,12.19513964
122,122,0
122,177,14.16622508
122,127,10.11462677
122,170,12.40757847
122,244,13.93450846
123,202,19.20158338
123,126,6.442791884
123,113,9.978725431
123,270,19.92475574
123,135,17.04187219
123,117,8.35915276
123,249,20.17861293
123,111,16.32461572
123,173,18.63005954
123,264,16.73367418
123,166,16.49563979
123,133,14.49805518
123,159,21.34095478
123,167,16.94508541
123,112,13.51238702
123,250,20.35830506
123,259,15.79191346
123,245,16.42594434
123,110,15.67282905
123,122,6.16181503
123,177,19.4394576
123,181,21.80808318
123,244,15.48801607
123,261,20.04956496
123,266,18.917172
123,242,13.46763008
123,260,16.69087106
123,255,21.39763233
123,163,18.75511189
123,246,15.20379012
123,136,19.29218678
123,236,21.24209782
123,118,9.042162901
123,265,20.41276082
123,180,21.44727272
123,162,21.87410073
123,174,15.90935149
123,127,5.222142846
123,123,0
123,239,17.27505581
123,128,8.1445127
123,115,13.64018218
123,271,19.4202204
123,238,15.83621358
123,134,14.36643567
123,234,21.49474865
123,247,15.46735009
123,124,4.276219933
123,114,12.28615755
123,106,20.34922977
123,109,17.15572852
123,243,12.73940378
123,121,8.292967741
123,171,20.60435304
123,263,15.12755231
123,274,22.35770328
123,138,20.4983775
123,262,20.0695091
123,130,10.31261262
123,137,19.26039775
123,132,13.49240036
123,168,20.62624171
123,131,10.39025034
123,170,15.36203846
123,256,18.82910676
123,267,15.15972832
123,129,9.929223802
123,119,6.823213705
123,199,20.96663846
123,198,18.31045807
123,268,19.51132483
123,196,21.41725118
123,169,19.99164523
123,108,18.07214094
123,237,18.65183598
123,248,18.10610396
123,241,10.57820376
123,116,14.02752662
123,193,22.16495912
123,107,20.57385955
123,125,8.327326118
123,240,15.43878398
123,120,4.61362437
123,235,21.35597472
124,202,19.73023519
124,123,4.276219933
124,126,6.885082417
124,113,9.486019325
124,239,19.02422474
124,128,6.172368998
124,267,18.10589054
124,129,8.838647781
124,115,15.09477994
124,238,17.18387882
124,134,14.49470077
124,234,21.31020194
124,119,8.462100434
124,135,15.89379309
124,242,16.31750476
124,117,10.74622347
124,247,19.07701183
124,124,0
124,114,12.42683718
124,106,19.38120722
124,260,20.94783506
124,109,16.64736655
124,164,20.59064305
124,111,17.28605903
124,198,20.03563091
124,173,17.57613462
124,264,20.56568462
124,166,14.38802409
124,163,16.88039891
124,139,20.89132588
124,169,18.17678583
124,246,18.80138731
124,243,14.68720458
124,121,6.246830729
124,171,20.38897945
124,108,18.28115881
124,136,18.38178173
124,263,18.94828653
124,133,14.22110101
124,159,19.23230048
124,167,15.84950106
124,237,18.55742864
124,112,14.65965051
124,248,21.09353307
124,138,19.99550626
124,241,12.63423786
124,130,11.12899512
124,116,16.32170926
124,137,19.27820797
124,118,11.68385686
124,132,11.85938756
124,168,19.37136497
124,107,19.97157734
124,125,6.316326022
124,259,19.88563665
124,245,19.57509988
124,110,15.09691999
124,172,20.81886725
124,240,16.39598285
124,131,9.59662821
124,162,19.36375766
124,165,20.22282593
124,120,5.834771154
124,174,15.97499406
124,122,6.405151544
124,177,19.47406625
124,127,5.486713182
124,170,14.34116726
124,244,18.14078371
125,202,14.57416368
125,161,18.86711581
125,126,4.218397892
125,113,6.309599021
125,178,17.67553216
125,158,18.88194973
125,135,15.36100734
125,117,10.01160731
125,111,13.51689192
125,173,11.6625511
125,200,20.55927417
125,264,21.54198835
125,105,20.53281197
125,175,16.37891103
125,166,8.715657438
125,160,17.74747851
125,139,19.80349531
125,133,12.17829262
125,159,16.22485214
125,167,10.33823604
125,112,12.45404281
125,209,20.05488295
125,245,17.77540593
125,110,10.98241256
125,172,14.5903914
125,213,22.94958746
125,122,6.524392123
125,177,14.62054908
125,181,19.86950312
125,244,15.56263739
125,205,17.71501624
125,179,19.97632667
125,242,14.61702277
125,203,18.77346073
125,164,15.23957348
125,163,12.42786857
125,246,18.03406283
125,136,16.25419603
125,236,18.66624327
125,118,12.99638263
125,180,18.50552121
125,162,14.87645928
125,174,10.40799795
125,194,20.469254
125,127,8.547340453
125,156,20.67151106
125,123,8.327326118
125,239,16.31620773
125,128,6.22339688
125,115,11.33920446
125,271,20.7591534
125,238,15.58387937
125,134,14.35198873
125,234,18.31613473
125,207,21.57711082
125,201,18.21354344
125,247,18.76831482
125,124,6.316326022
125,114,7.68660158
125,106,16.13253803
125,233,19.83423258
125,109,14.72423328
125,176,16.11708667
125,243,11.37318074
125,121,7.615961051
125,171,14.38783787
125,263,21.1748015
125,206,17.24548171
125,138,19.79309775
125,130,10.5013562
125,137,17.90425877
125,132,10.00492343
125,168,13.16703514
125,190,20.95229707
125,131,10.55387449
125,165,14.56814904
125,170,8.097049421
125,184,21.0912907
125,267,18.140653
125,129,5.787833749
125,119,10.53794491
125,199,17.02895091
125,204,20.82995981
125,198,15.99620409
125,196,19.21158408
125,169,11.94059456
125,108,15.20071791
125,237,14.68456782
125,248,19.36474082
125,241,10.85679384
125,116,14.60634874
125,193,18.24041649
125,107,15.6998535
125,125,0
125,197,20.70251218
125,240,12.44820708
125,120,11.10589945
125,235,19.78061496
126,202,13.1207157
126,161,20.56026327
126,126,0
126,113,6.926607171
126,178,17.12401576
126,270,19.86719071
126,232,21.3896387
126,158,21.16964606
126,135,15.37256259
126,117,7.324916185
126,249,18.38063038
126,111,12.42923276
126,173,13.02376321
126,200,18.61973603
126,264,17.41234294
126,105,21.19735342
126,175,16.41001957
126,166,10.99195946
126,160,18.54343685
126,275,20.9493143
126,139,20.07011446
126,133,11.19097231
126,159,17.62863102
126,167,10.94955183
126,112,11.36987584
126,140,21.6464913
126,250,20.25175097
126,209,20.15977533
126,259,19.50357453
126,245,13.84978534
126,110,11.92788407
126,172,15.71887936
126,122,6.084490521
126,177,14.70323981
126,181,18.32083224
126,244,12.17844631
126,205,16.78993224
126,179,19.77341995
126,242,10.63312743
126,266,20.01096265
126,269,20.9912986
126,260,19.10774125
126,203,18.04992425
126,164,16.32618891
126,163,13.83477852
126,246,13.91062709
126,136,16.10424676
126,236,16.59272498
126,118,10.88547507
126,265,20.97551702
126,180,17.98855365
126,162,17.14266083
126,174,9.945995512
126,194,19.03394856
126,127,7.20123946
126,156,21.53502052
126,123,6.442791884
126,239,13.28830614
126,128,6.829336012
126,115,9.1529653
126,271,17.44485032
126,238,12.94441591
126,134,12.99209666
126,234,17.42151831
126,207,21.42691148
126,201,16.01515402
126,247,14.5768438
126,124,6.885082417
126,114,7.171912176
126,106,17.65317638
126,233,18.7910678
126,109,15.72120172
126,176,17.41758506
126,243,8.021831078
126,121,9.301547587
126,171,14.23111111
126,263,17.30856966
126,206,17.24044895
126,274,20.35560973
126,138,19.17743324
126,183,21.78827226
126,130,8.229323621
126,137,16.71934493
126,132,10.61641832
126,168,14.32288494
126,190,20.67824581
126,131,10.02236046
126,165,16.6529847
126,170,9.102486826
126,184,19.64290699
126,267,14.36055644
126,129,5.743839095
126,119,9.375360207
126,204,19.49559904
126,199,15.17914097
126,198,13.21204606
126,268,18.40703028
126,196,16.60070093
126,169,14.04055973
126,108,15.32983507
126,237,13.68763663
126,248,15.47098843
126,241,7.163479586
126,116,12.20403802
126,193,16.82812538
126,107,16.73743082
126,125,4.218397892
126,197,17.93623004
126,240,10.1124072
126,120,10.32345444
126,235,17.73489548
127,334,22.5255033
127,202,18.34325134
127,126,7.20123946
127,113,12.91811386
127,270,17.20892379
127,158,21.19694483
127,135,11.96494746
127,117,12.34914971
127,249,21.88717589
127,111,19.3587638
127,173,19.72346338
127,264,16.93849652
127,166,14.75004379
127,160,19.41523513
127,275,21.04985722
127,139,17.14508699
127,155,21.71674867
127,133,10.32638174
127,159,17.1308845
127,167,14.95241966
127,112,17.46663077
127,140,19.74902232
127,250,21.6459559
127,259,17.4144912
127,245,17.62765599
127,110,18.48660942
127,122,10.11462677
127,244,17.6212744
127,205,20.35044667
127,261,21.2197379
127,266,17.51231131
127,269,19.66922953
127,242,13.68982387
127,260,18.66778254
127,164,19.49911076
127,255,21.89337929
127,163,15.52906298
127,246,16.80475686
127,331,20.3745069
127,136,14.68189979
127,236,18.63714825
127,118,14.05280199
127,141,20.69379065
127,265,19.86095522
127,162,18.78947249
127,174,16.98180932
127,127,0
127,156,20.58614221
127,123,5.222142846
127,239,15.45928387
127,128,4.519552335
127,115,15.98533857
127,272,21.27298777
127,271,16.99644378
127,238,12.6656079
127,134,9.570134073
127,234,17.51884803
127,201,20.37193862
127,247,16.06966556
127,124,5.486713182
127,114,14.31879402
127,233,20.65681418
127,109,21.07682841
127,243,13.59740285
127,121,11.53494738
127,171,20.54805821
127,263,15.14536519
127,206,21.57687756
127,274,18.85050825
127,138,15.39561072
127,262,20.17394617
127,130,6.585147289
127,273,21.38297262
127,137,14.68049113
127,132,9.162014456
127,168,19.60346163
127,131,5.247385387
127,165,20.28619449
127,170,15.19536269
127,256,20.61078973
127,267,13.64907455
127,129,7.098764357
127,119,11.89517448
127,199,21.13289642
127,142,21.41197014
127,198,18.42857456
127,268,18.34752014
127,196,22.51929939
127,169,19.38385626
127,237,15.5046366
127,248,18.01947643
127,241,9.568632223
127,116,17.89964937
127,125,8.547340453
127,240,13.92867575
127,120,8.921633579
127,235,17.89985134
128,202,16.58120957
128,161,18.2858664
128,126,6.829336012
128,113,12.12976501
128,270,19.40678444
128,232,21.32361358
128,158,16.99642867
128,135,10.01194779
128,117,13.66276593
128,111,18.94829013
128,173,17.18395286
128,264,20.13025278
128,166,10.72809907
128,160,15.88643895
128,275,21.14456447
128,139,14.91014049
128,155,18.28729974
128,133,8.481836756
128,159,13.35348821
128,167,11.60256554
128,112,17.73582795
128,140,17.98339321
128,209,19.88319519
128,245,19.11953756
128,110,17.1622704
128,172,19.28332728
128,122,10.62985127
128,177,20.45128355
128,244,18.51873145
128,205,18.04083484
128,266,20.67103196
128,242,15.03434864
128,143,21.80579123
128,152,20.73667685
128,164,15.76029452
128,163,11.53250352
128,246,18.99539319
128,136,12.24500672
128,236,17.53849692
128,118,16.15574188
128,141,19.65800737
128,162,14.44539997
128,174,15.25460803
128,127,4.519552335
128,156,17.33739557
128,123,8.1445127
128,239,15.46211
128,128,0
128,115,15.81698022
128,271,18.1959194
128,238,12.78054514
128,134,9.227056851
128,234,15.50200473
128,201,19.29136101
128,247,18.50963437
128,124,6.172368998
128,114,13.1850994
128,233,18.54390778
128,109,20.54164698
